=== Run information ===

Scheme:       weka.classifiers.meta.AttributeSelectedClassifier -E "weka.attributeSelection.PrincipalComponents -R 0.95 -A 5" -S "weka.attributeSelection.Ranker -T -1.7976931348623157E308 -N -1" -W weka.classifiers.trees.RandomForest -- -P 100 -I 100 -num-slots 1 -K 0 -M 1.0 -V 0.001 -S 1
Relation:     afterProcMusan-weka.filters.unsupervised.attribute.NumericToNominal-R23
Instances:    26575
Attributes:   23
              RMS_Energy
              Roll_Off_85
              Roll_Off_90
              MFCC_1
              MFCC_2
              MFCC_3
              MFCC_4
              MFCC_5
              MFCC_6
              MFCC_7
              MFCC_8
              MFCC_9
              MFCC_10
              MFCC_11
              MFCC_12
              MFCC_13
              Zero_Crossing_Rate
              Spectral_Flatness
              Spectral_Kurtosis
              Spectral_Brightness
              Spectral_Irregularity
              Spectral_Centroid
              Class
Test mode:    user supplied test set:  size unknown (reading incrementally)

=== Classifier model (full training set) ===

AttributeSelectedClassifier:



=== Attribute Selection on all input data ===

Search Method:
	Attribute ranking.

Attribute Evaluator (unsupervised):
	Principal Components Attribute Transformer

Correlation matrix
  1      0.22   0.23  -0.19   0.11  -0.18   0.03   0.11   0.16   0.23  -0.03   0.13   0.07   0.07   0.17  -0.09  -0.08   0.31  -0.07   0.11   0.36   0.18 
  0.22   1      0.97  -0.78   0.45  -0.27   0.25  -0.03  -0.03   0.32  -0.12   0.24  -0.1   -0.08   0.16  -0.19   0.52   0.87  -0.69   0.82  -0.06   0.93 
  0.23   0.97   1     -0.82   0.53  -0.33   0.31  -0.02  -0.04   0.36  -0.15   0.3   -0.13  -0.08   0.2   -0.22   0.48   0.89  -0.69   0.77  -0.03   0.89 
 -0.19  -0.78  -0.82   1     -0.73   0.51  -0.48   0.06   0.11  -0.58   0.41  -0.48   0.32   0.1   -0.31   0.45  -0.45  -0.85   0.48  -0.72   0.01  -0.79 
  0.11   0.45   0.53  -0.73   1     -0.6    0.62  -0.02  -0.11   0.59  -0.48   0.55  -0.39  -0.07   0.45  -0.49   0.12   0.64  -0.03   0.17   0.09   0.37 
 -0.18  -0.27  -0.33   0.51  -0.6    1     -0.29   0.1    0.04  -0.6    0.54  -0.63   0.26   0.02  -0.44   0.49  -0.11  -0.55  -0.2   -0.04  -0.1   -0.3  
  0.03   0.25   0.31  -0.48   0.62  -0.29   1      0     -0.31   0.26  -0.41   0.34  -0.45  -0      0.31  -0.4    0.08   0.38   0.02   0.11   0.08   0.18 
  0.11  -0.03  -0.02   0.06  -0.02   0.1    0      1      0.33  -0.16   0.13  -0.2    0.21   0.05   0.04   0.16  -0.18  -0.05  -0.05  -0.11   0.01  -0.08 
  0.16  -0.03  -0.04   0.11  -0.11   0.04  -0.31   0.33   1      0.13   0.19  -0.14   0.28   0.18   0.02   0.14  -0.32  -0.03   0.05  -0.13   0.02  -0.09 
  0.23   0.32   0.36  -0.58   0.59  -0.6    0.26  -0.16   0.13   1     -0.27   0.5   -0.22  -0.12   0.35  -0.45   0.03   0.54   0.04   0.22   0.14   0.31 
 -0.03  -0.12  -0.15   0.41  -0.48   0.54  -0.41   0.13   0.19  -0.27   1     -0.32   0.37   0     -0.32   0.5   -0.12  -0.3   -0.13  -0.04  -0.08  -0.15 
  0.13   0.24   0.3   -0.48   0.55  -0.63   0.34  -0.2   -0.14   0.5   -0.32   1     -0.18  -0.09   0.26  -0.51   0.07   0.44   0.09   0.09   0.1    0.23 
  0.07  -0.1   -0.13   0.32  -0.39   0.26  -0.45   0.21   0.28  -0.22   0.37  -0.18   1      0.18  -0.23   0.41  -0.21  -0.16  -0.04  -0.13  -0.06  -0.13 
  0.07  -0.08  -0.08   0.1   -0.07   0.02  -0      0.05   0.18  -0.12   0     -0.09   0.18   1      0.3    0.12  -0.19  -0.08   0.06  -0.11   0     -0.1  
  0.17   0.16   0.2   -0.31   0.45  -0.44   0.31   0.04   0.02   0.35  -0.32   0.26  -0.23   0.3    1     -0.1   -0.07   0.32   0.13   0.01   0.1    0.13 
 -0.09  -0.19  -0.22   0.45  -0.49   0.49  -0.4    0.16   0.14  -0.45   0.5   -0.51   0.41   0.12  -0.1    1     -0.16  -0.35  -0.1   -0.14  -0.11  -0.22 
 -0.08   0.52   0.48  -0.45   0.12  -0.11   0.08  -0.18  -0.32   0.03  -0.12   0.07  -0.21  -0.19  -0.07  -0.16   1      0.39  -0.39   0.66  -0.19   0.65 
  0.31   0.87   0.89  -0.85   0.64  -0.55   0.38  -0.05  -0.03   0.54  -0.3    0.44  -0.16  -0.08   0.32  -0.35   0.39   1     -0.47   0.66  -0.02   0.82 
 -0.07  -0.69  -0.69   0.48  -0.03  -0.2    0.02  -0.05   0.05   0.04  -0.13   0.09  -0.04   0.06   0.13  -0.1   -0.39  -0.47   1     -0.71   0.13  -0.63 
  0.11   0.82   0.77  -0.72   0.17  -0.04   0.11  -0.11  -0.13   0.22  -0.04   0.09  -0.13  -0.11   0.01  -0.14   0.66   0.66  -0.71   1     -0.12   0.92 
  0.36  -0.06  -0.03   0.01   0.09  -0.1    0.08   0.01   0.02   0.14  -0.08   0.1   -0.06   0      0.1   -0.11  -0.19  -0.02   0.13  -0.12   1     -0.08 
  0.18   0.93   0.89  -0.79   0.37  -0.3    0.18  -0.08  -0.09   0.31  -0.15   0.23  -0.13  -0.1    0.13  -0.22   0.65   0.82  -0.63   0.92  -0.08   1    


eigenvalue	proportion	cumulative
  7.53898	  0.34268	  0.34268	-0.346MFCC_1+0.335Spectral_Flatness+0.322Roll_Off_90+0.312Roll_Off_85+0.311Spectral_Centroid...
  3.53246	  0.16057	  0.50325	0.382Spectral_Kurtosis-0.312Spectral_Brightness-0.299MFCC_3-0.279MFCC_8+0.254MFCC_9...
  2.04947	  0.09316	  0.5964 	0.49 MFCC_6+0.392RMS_Energy+0.336MFCC_5+0.323MFCC_10-0.306Zero_Crossing_Rate...
  1.28057	  0.05821	  0.65461	-0.511MFCC_11-0.424MFCC_12-0.318MFCC_4+0.316Spectral_Irregularity+0.276RMS_Energy...
  1.14141	  0.05188	  0.70649	-0.634Spectral_Irregularity-0.403RMS_Energy-0.304MFCC_4+0.294MFCC_6+0.253MFCC_10...
  1.05391	  0.04791	  0.7544 	0.644MFCC_5-0.509MFCC_11+0.248MFCC_4-0.241MFCC_12+0.205MFCC_2...
  0.76977	  0.03499	  0.78939	0.44 MFCC_8+0.379MFCC_9-0.375MFCC_6+0.328MFCC_10-0.304Zero_Crossing_Rate...
  0.74093	  0.03368	  0.82307	-0.507MFCC_10+0.376MFCC_7+0.331MFCC_8-0.311MFCC_5+0.298MFCC_12...
  0.68948	  0.03134	  0.85441	0.46 MFCC_13-0.433MFCC_11+0.414MFCC_12-0.304MFCC_3-0.279MFCC_6...
  0.56626	  0.02574	  0.88015	-0.667RMS_Energy+0.598Spectral_Irregularity-0.241MFCC_8+0.201MFCC_10-0.163MFCC_4...
  0.52138	  0.0237 	  0.90385	-0.573MFCC_8-0.436Zero_Crossing_Rate-0.322MFCC_5-0.292MFCC_9-0.23MFCC_11...
  0.41513	  0.01887	  0.92272	0.47 MFCC_9-0.414Spectral_Kurtosis-0.414MFCC_10-0.364MFCC_7-0.352MFCC_4...
  0.37569	  0.01708	  0.93979	-0.444MFCC_7+0.434MFCC_6+0.3  MFCC_13+0.267Spectral_Kurtosis-0.261MFCC_12...
  0.31521	  0.01433	  0.95412	0.439MFCC_9+0.428MFCC_3+0.315MFCC_6-0.275MFCC_8+0.258MFCC_12...

Eigenvectors
 V1	 V2	 V3	 V4	 V5	 V6	 V7	 V8	 V9	 V10	 V11	 V12	 V13	 V14	
 0.0851	 0.0288	 0.3918	 0.276 	-0.4033	-0.1704	-0.1082	-0.1295	 0.1435	-0.6673	 0.1715	-0.0196	 0.0406	 0.0744	RMS_Energy
 0.312 	-0.227 	 0.0877	-0.0255	-0.0189	-0.0009	 0.0586	 0.0008	-0.0237	 0.0492	 0.0463	 0.0378	 0.1628	-0.1436	Roll_Off_85
 0.3224	-0.1858	 0.1027	-0.0373	-0.0278	 0.0272	 0.1172	 0.0051	-0.0279	 0.0634	 0.0876	 0.0747	 0.1574	-0.1815	Roll_Off_90
-0.3455	 0.0078	-0.0202	 0.0408	-0.0214	-0.0763	-0.015 	-0.0331	 0.0768	-0.0405	-0.0178	 0.0527	 0.1572	-0.1493	MFCC_1
 0.265 	 0.242 	 0.0391	-0.1218	 0.0155	 0.2052	 0.2063	 0.0759	-0.0255	 0.0998	 0.0552	-0.1586	 0.1241	-0.1338	MFCC_2
-0.2127	-0.2986	-0.0847	-0.0821	-0.2514	 0.0969	 0.0972	 0.1812	-0.3035	-0.0748	 0.0253	-0.1177	-0.1654	 0.4281	MFCC_3
 0.1791	 0.2168	-0.1303	-0.3183	-0.3038	 0.2478	 0.2936	-0.0275	-0.2144	-0.1629	-0.0124	-0.3517	 0.2299	 0.2358	MFCC_4
-0.0493	-0.0567	 0.3364	-0.244 	-0.098 	 0.6442	-0.1462	-0.3112	 0.2196	-0.0008	-0.3216	 0.0927	-0.2352	-0.0757	MFCC_5
-0.0602	-0.0348	 0.4898	 0.0764	 0.2942	 0.202 	-0.3752	 0.2644	-0.2791	 0.0896	-0.0012	 0.0184	 0.4338	 0.3152	MFCC_6
 0.2146	 0.2124	 0.1646	 0.2594	 0.2204	-0.0014	 0.0126	 0.3764	-0.0582	-0.0038	-0.0583	-0.3641	-0.4445	-0.0342	MFCC_7
-0.1567	-0.2788	 0.1351	 0.1421	 0.0291	 0.0231	 0.4401	 0.3312	-0.0417	-0.2414	-0.5726	-0.0022	 0.0399	-0.2747	MFCC_8
 0.1929	 0.2542	 0.0007	 0.2121	 0.2112	-0.0831	 0.3789	-0.2437	-0.0503	-0.0369	-0.2921	 0.4697	 0.1255	 0.439 	MFCC_9
-0.1314	-0.1913	 0.3232	 0.1161	 0.2529	-0.113 	 0.3282	-0.5067	 0.0538	 0.2007	 0.1348	-0.4135	-0.1787	 0.183 	MFCC_10
-0.0459	 0.0341	 0.2688	-0.5114	 0.0142	-0.5093	-0.0847	-0.1842	-0.4328	-0.0265	-0.2304	-0.0472	 0.005 	-0.192 	MFCC_11
 0.1263	 0.2257	 0.2203	-0.4242	-0.0175	-0.2406	-0.0038	 0.2982	 0.4138	 0.0264	-0.0807	 0.1635	-0.2611	 0.2582	MFCC_12
-0.1828	-0.2537	 0.1461	-0.2   	-0.0277	-0.0972	 0.2818	 0.2443	 0.46  	 0.147 	 0.197 	-0.0642	 0.2999	 0.1353	MFCC_13
 0.1879	-0.2181	-0.306 	 0.0062	 0.0331	-0.1206	-0.3044	-0.1406	 0.2757	-0.0219	-0.4358	-0.2815	 0.2065	 0.1796	Zero_Crossing_Rate
 0.3354	-0.0494	 0.1382	 0.014 	 0.0555	 0.0051	 0.0847	-0.029 	 0.047 	-0.0412	 0.1444	-0.0483	 0.1149	-0.1927	Spectral_Flatness
-0.1683	 0.3824	-0.0211	 0.0587	 0.1264	-0.0492	-0.0889	-0.0231	 0.2035	-0.1009	-0.2073	-0.4142	 0.2674	-0.0328	Spectral_Kurtosis
 0.2627	-0.3115	-0.0657	 0.0226	-0.0364	-0.0909	-0.137 	 0.0574	-0.0483	-0.0048	-0.1128	-0.0736	-0.2102	 0.247 	Spectral_Brightness
 0.0054	 0.1525	 0.1988	 0.316 	-0.6344	-0.1343	-0.0186	 0.0175	-0.0271	 0.5984	-0.2172	-0.0252	 0.0541	-0.0099	Spectral_Irregularity
 0.3111	-0.2385	 0.0109	 0.019 	 0.0272	-0.0739	-0.1095	-0.0362	 0.0628	 0.0544	-0.0789	-0.0423	 0.0616	-0.0245	Spectral_Centroid

Ranked attributes:
 0.6573   1 -0.346MFCC_1+0.335Spectral_Flatness+0.322Roll_Off_90+0.312Roll_Off_85+0.311Spectral_Centroid...
 0.4968   2 0.382Spectral_Kurtosis-0.312Spectral_Brightness-0.299MFCC_3-0.279MFCC_8+0.254MFCC_9...
 0.4036   3 0.49 MFCC_6+0.392RMS_Energy+0.336MFCC_5+0.323MFCC_10-0.306Zero_Crossing_Rate...
 0.3454   4 -0.511MFCC_11-0.424MFCC_12-0.318MFCC_4+0.316Spectral_Irregularity+0.276RMS_Energy...
 0.2935   5 -0.634Spectral_Irregularity-0.403RMS_Energy-0.304MFCC_4+0.294MFCC_6+0.253MFCC_10...
 0.2456   6 0.644MFCC_5-0.509MFCC_11+0.248MFCC_4-0.241MFCC_12+0.205MFCC_2...
 0.2106   7 0.44 MFCC_8+0.379MFCC_9-0.375MFCC_6+0.328MFCC_10-0.304Zero_Crossing_Rate...
 0.1769   8 -0.507MFCC_10+0.376MFCC_7+0.331MFCC_8-0.311MFCC_5+0.298MFCC_12...
 0.1456   9 0.46 MFCC_13-0.433MFCC_11+0.414MFCC_12-0.304MFCC_3-0.279MFCC_6...
 0.1199  10 -0.667RMS_Energy+0.598Spectral_Irregularity-0.241MFCC_8+0.201MFCC_10-0.163MFCC_4...
 0.0962  11 -0.573MFCC_8-0.436Zero_Crossing_Rate-0.322MFCC_5-0.292MFCC_9-0.23MFCC_11...
 0.0773  12 0.47 MFCC_9-0.414Spectral_Kurtosis-0.414MFCC_10-0.364MFCC_7-0.352MFCC_4...
 0.0602  13 -0.444MFCC_7+0.434MFCC_6+0.3  MFCC_13+0.267Spectral_Kurtosis-0.261MFCC_12...
 0.0459  14 0.439MFCC_9+0.428MFCC_3+0.315MFCC_6-0.275MFCC_8+0.258MFCC_12...

Selected attributes: 1,2,3,4,5,6,7,8,9,10,11,12,13,14 : 14


Header of reduced data:
@relation 'afterProcMusan-weka.filters.unsupervised.attribute.NumericToNominal-R23-weka.filters.unsupervised.attribute.ReplaceMissingValues-weka.filters.unsupervised.attribute.NominalToBinary-Rfirst-last-weka.filters.unsupervised.attribute.Remove-R23-weka.filters.unsupervised.attribute.Standardize_principal components-weka.filters.unsupervised.attribute.Remove-V-R1-15'

@attribute -0.346MFCC_1+0.335Spectral_Flatness+0.322Roll_Off_90+0.312Roll_Off_85+0.311Spectral_Centroid... numeric
@attribute 0.382Spectral_Kurtosis-0.312Spectral_Brightness-0.299MFCC_3-0.279MFCC_8+0.254MFCC_9... numeric
@attribute '0.49 MFCC_6+0.392RMS_Energy+0.336MFCC_5+0.323MFCC_10-0.306Zero_Crossing_Rate...' numeric
@attribute -0.511MFCC_11-0.424MFCC_12-0.318MFCC_4+0.316Spectral_Irregularity+0.276RMS_Energy... numeric
@attribute -0.634Spectral_Irregularity-0.403RMS_Energy-0.304MFCC_4+0.294MFCC_6+0.253MFCC_10... numeric
@attribute 0.644MFCC_5-0.509MFCC_11+0.248MFCC_4-0.241MFCC_12+0.205MFCC_2... numeric
@attribute '0.44 MFCC_8+0.379MFCC_9-0.375MFCC_6+0.328MFCC_10-0.304Zero_Crossing_Rate...' numeric
@attribute -0.507MFCC_10+0.376MFCC_7+0.331MFCC_8-0.311MFCC_5+0.298MFCC_12... numeric
@attribute '0.46 MFCC_13-0.433MFCC_11+0.414MFCC_12-0.304MFCC_3-0.279MFCC_6...' numeric
@attribute -0.667RMS_Energy+0.598Spectral_Irregularity-0.241MFCC_8+0.201MFCC_10-0.163MFCC_4... numeric
@attribute -0.573MFCC_8-0.436Zero_Crossing_Rate-0.322MFCC_5-0.292MFCC_9-0.23MFCC_11... numeric
@attribute '0.47 MFCC_9-0.414Spectral_Kurtosis-0.414MFCC_10-0.364MFCC_7-0.352MFCC_4...' numeric
@attribute '-0.444MFCC_7+0.434MFCC_6+0.3  MFCC_13+0.267Spectral_Kurtosis-0.261MFCC_12...' numeric
@attribute 0.439MFCC_9+0.428MFCC_3+0.315MFCC_6-0.275MFCC_8+0.258MFCC_12... numeric
@attribute Class {0,1}

@data


Classifier Model
RandomForest

Bagging with 100 iterations and base learner

weka.classifiers.trees.RandomTree -K 0 -M 1.0 -V 0.001 -S 1 -do-not-check-capabilities

Time taken to build model: 15.56 seconds

=== Evaluation on test set ===

Time taken to test model on supplied test set: 1.75 seconds

=== Summary ===

Correctly Classified Instances       30530               68.8233 %
Incorrectly Classified Instances     13830               31.1767 %
Kappa statistic                          0.2346
Mean absolute error                      0.3645
Root mean squared error                  0.4565
Relative absolute error                 72.8493 %
Root relative squared error             91.2301 %
Total Number of Instances            44360     

=== Detailed Accuracy By Class ===

                 TP Rate  FP Rate  Precision  Recall   F-Measure  MCC      ROC Area  PRC Area  Class
                 0,520    0,259    0,389      0,520    0,445      0,239    0,663     0,433     0
                 0,741    0,480    0,830      0,741    0,783      0,239    0,663     0,834     1
Weighted Avg.    0,688    0,427    0,724      0,688    0,702      0,239    0,663     0,738     

=== Confusion Matrix ===

     a     b   <-- classified as
  5547  5117 |     a = 0
  8713 24983 |     b = 1

